// DQ = -0.35,-0.35

kqt13.l4b1         =                  0 ;
kqt12.l4b1         =                  0 ;
kqtl11.l4b1        =                  0 ;
kq13.l4b1          =     0.006964129831 ;
kq12.l4b1          =    -0.005891018927 ;
kq11.l4b1          =     0.001810498623 ;
kq10.l4b1          =    -0.004398437813 ;
kq9.l4b1           =     0.005380163844 ;
kq8.l4b1           =    -0.000961088895 ;
kq7.l4b1           =    0.0004685095299 ;
kq6.l4b1           =    -0.003892288368 ;
kq5.l4b1           =     0.005085662364 ;
kq4.l4b1           =    -0.001914444941 ;
kq4.r4b1           =     0.002504023896 ;
kq5.r4b1           =    -0.008895896274 ;
kq6.r4b1           =     0.008015331303 ;
kq7.r4b1           =    -0.006048500887 ;
kq8.r4b1           =     0.003804489446 ;
kq9.r4b1           =    -0.004186164569 ;
kq10.r4b1          =     0.006083137729 ;
kq11.r4b1          =   -0.0004771652908 ;
kq12.r4b1          =     0.007145988006 ;
kq13.r4b1          =    -0.006902396348 ;
kqtl11.r4b1        =   -0.0009520634757 ;
kqt12.r4b1         =     0.002939288202 ;
kqt13.r4b1         =    -0.002856352707 ;
